Rk ▴	Team	G	MP	FG	FGA	FG%	3P	3PA	3P%	2P	2PA	2P%	FT	FTA	FT%	ORB	DRB	TRB	AST	STL	BLK	TOV	PF	PTS	PTS/G
League Average	82	19840	3093	6806	.454	635	1766	.360	2458	5040	.488	1462	1934	.756	895	2611	3505	1804	630	386	1201	1697	8283	101.0
1	Los Angeles Clippers*	82	19755	3208	6761	.474	693	1966	.352	2515	4795	.525	1741	2384	.730	858	2668	3526	2016	703	397	1136	1767	8850	107.9
2	Houston Rockets*	82	19830	3118	6603	.472	779	2179	.358	2339	4424	.529	1814	2549	.712	920	2797	3717	1755	621	461	1323	1676	8829	107.7
3	Minnesota Timberwolves	82	19855	3189	7175	.444	600	1757	.341	2589	5418	.478	1790	2301	.778	1024	2644	3668	1963	718	297	1142	1504	8768	106.9
4	Portland Trail Blazers*	82	19855	3207	7134	.450	770	2071	.372	2437	5063	.481	1569	1926	.815	1022	2786	3808	1904	454	387	1125	1576	8753	106.7
5	Oklahoma City Thunder*	82	19805	3194	6782	.471	664	1839	.361	2530	4943	.512	1653	2052	.806	887	2781	3668	1794	678	501	1256	1858	8705	106.2
6	San Antonio Spurs*	82	19755	3326	6844	.486	698	1757	.397	2628	5087	.517	1289	1642	.785	762	2786	3548	2064	604	420	1180	1495	8639	105.4
7	Phoenix Suns	82	19755	3172	6845	.463	765	2055	.372	2407	4790	.503	1520	2004	.758	928	2601	3529	1563	688	374	1258	1798	8629	105.2
8	Dallas Mavericks*	82	19830	3249	6858	.474	721	1877	.384	2528	4981	.508	1378	1733	.795	840	2514	3354	1935	704	356	1110	1636	8597	104.8
9	Denver Nuggets	82	19755	3147	7042	.447	702	1959	.358	2445	5083	.481	1563	2154	.726	1009	2717	3726	1838	615	459	1305	1890	8559	104.4
10	Golden State Warriors*	82	19830	3236	7005	.462	774	2037	.380	2462	4968	.496	1303	1731	.753	896	2819	3715	1912	642	407	1247	1784	8549	104.3
11	Los Angeles Lakers	82	19705	3139	6980	.450	774	2032	.381	2365	4948	.478	1390	1835	.757	745	2620	3365	2006	611	446	1239	1627	8442	103.0
12	Miami Heat*	82	19880	3142	6272	.501	665	1829	.364	2477	4443	.558	1431	1884	.760	627	2397	3024	1847	732	367	1212	1596	8380	102.2
13	Toronto Raptors*	82	19955	2992	6718	.445	713	1917	.372	2279	4801	.475	1608	2055	.782	935	2552	3487	1737	577	343	1159	1882	8305	101.3
14	Atlanta Hawks*	82	19830	3061	6688	.458	768	2116	.363	2293	4572	.502	1392	1782	.781	713	2565	3278	2041	680	326	1251	1577	8282	101.0
15	Detroit Pistons	82	19780	3182	7124	.447	507	1580	.321	2675	5544	.483	1415	2111	.670	1196	2525	3721	1714	687	395	1193	1666	8286	101.0
16	Washington Wizards*	82	20055	3177	6920	.459	647	1704	.380	2530	5216	.485	1253	1715	.731	886	2573	3459	1909	668	377	1204	1675	8254	100.7
17	Sacramento Kings	82	19830	3026	6766	.447	491	1475	.333	2535	5291	.479	1698	2237	.759	990	2656	3646	1547	587	318	1249	1849	8241	100.5
18	New Orleans Pelicans	82	19855	3101	6761	.459	486	1303	.373	2615	5458	.479	1489	1936	.769	933	2486	3419	1745	647	523	1129	1857	8177	99.7
19	Philadelphia 76ers	82	19855	3108	7150	.435	577	1847	.312	2531	5303	.477	1362	1918	.710	949	2556	3505	1791	765	330	1384	1844	8155	99.5
20	New York Knicks	82	19855	3027	6739	.449	759	2038	.372	2268	4701	.482	1271	1670	.761	870	2437	3307	1641	631	367	1063	1815	8084	98.6
21	Brooklyn Nets*	82	19880	2931	6391	.459	709	1922	.369	2222	4469	.497	1508	2002	.753	721	2407	3128	1714	705	311	1191	1777	8079	98.5
22	Cleveland Cavaliers	82	19930	3036	6955	.437	584	1640	.356	2452	5315	.461	1398	1861	.751	989	2629	3618	1738	579	304	1163	1640	8054	98.2
23	Charlotte Bobcats*	82	19905	2976	6730	.442	516	1471	.351	2460	5259	.468	1474	2000	.737	776	2724	3500	1778	499	421	1010	1493	7942	96.9
24	Indiana Pacers*	82	19780	2949	6573	.449	550	1542	.357	2399	5031	.477	1485	1907	.779	834	2831	3665	1651	550	446	1237	1675	7933	96.7
25	Orlando Magic	82	19955	3022	6784	.445	563	1596	.353	2459	5188	.474	1307	1714	.763	794	2654	3448	1726	630	350	1222	1678	7914	96.5
26	Boston Celtics	82	19730	2996	6883	.435	575	1729	.333	2421	5154	.470	1325	1706	.777	980	2505	3485	1726	584	343	1261	1743	7892	96.2
27	Memphis Grizzlies*	82	19805	3122	6723	.464	405	1147	.353	2717	5576	.487	1235	1666	.741	950	2526	3476	1792	631	375	1124	1568	7884	96.1
28	Milwaukee Bucks	82	19880	2952	6737	.438	548	1553	.353	2404	5184	.464	1377	1843	.747	971	2399	3370	1760	541	403	1238	1713	7829	95.5
29	Utah Jazz	82	19780	2951	6652	.444	543	1577	.344	2408	5075	.474	1346	1803	.747	904	2477	3381	1664	570	366	1200	1699	7791	95.0
30	Chicago Bulls*	82	19930	2843	6577	.432	508	1459	.348	2335	5118	.456	1486	1908	.779	937	2683	3620	1860	594	424	1223	1565	7680	93.7
